%ndata   128
%ncols 3
%title 1D image
  -64.0000       20480           0
  -63.0000       15557        3703
  -62.0000       61396      -55087
  -61.0000        9484        9449
  -60.0000       64092       39867
  -59.0000       70581      -70401
  -58.0000       33461       10432
  -57.0000       33261      -26236
  -56.0000       92989       62690
  -55.0000       30933      -23413
  -54.0000       21954       21939
  -53.0000       40786      -28012
  -52.0000       58816       -4189
  -51.0000       58547      -12005
  -50.0000      154420        7643
  -49.0000      548011      243884
  -48.0000      703800     -239452
  -47.0000      807320      331172
  -46.0000      800315     -232610
  -45.0000      840177      274220
  -44.0000      797816     -291531
  -43.0000      790191      290114
  -42.0000      787227     -268852
  -41.0000      793194      265466
  -40.0000      781972     -329693
  -39.0000      681160      216976
  -38.0000      717661     -317404
  -37.0000      707565      281128
  -36.0000      668546     -238376
  -35.0000      814183      296681
  -34.0000      933576     -307769
  -33.0000      965161      404725
  -32.0000     1044626     -400526
  -31.0000     1112666      429598
  -30.0000     1461220     -625524
  -29.0000     1570766      660244
  -28.0000     1202692     -499534
  -27.0000      986323      437370
  -26.0000      731996     -311122
  -25.0000      396591      162824
  -24.0000      292125     -116896
  -23.0000      321640       85855
  -22.0000      361975     -172856
  -21.0000      590216      231536
  -20.0000      617828     -272947
  -19.0000      376564      140675
  -18.0000      367066     -100695
  -17.0000      175661       62984
  -16.0000      224097      -97871
  -15.0000      133378       21356
  -14.0000      213561      -55860
  -13.0000      135945       24952
  -12.0000      216742      -72870
  -11.0000       94146       34590
  -10.0000      767181     -368784
   -9.0000      439270      142675
   -8.0000      107801      -45761
   -7.0000      176240        2180
   -6.0000      108341       10524
   -5.0000       74090       51228
   -4.0000       18591        2669
   -3.0000       58842      -57207
   -2.0000       34548       33021
   -1.0000       49580       19532
    0.0000      132346      -49152
    1.0000       29363       27834
    2.0000       25939      -10347
    3.0000      179705       38221
    4.0000     1004004     -477597
    5.0000     2622863     1235588
    6.0000     3149226    -1522466
    7.0000     3293840     1580592
    8.0000     3228603    -1593291
    9.0000     3309930     1621755
   10.0000     3464388    -1724620
   11.0000     3630566     1795668
   12.0000     3589246    -1832876
   13.0000     3577709     1851296
   14.0000     3401470    -1790464
   15.0000     3361158     1704222
   16.0000     3308620    -1782605
   17.0000     3339980     1779092
   18.0000     3361586    -1825541
   19.0000     3170359     1756275
   20.0000     3219023    -1813331
   21.0000     3332478     1876364
   22.0000     3190400    -1861526
   23.0000     3116317     1812537
   24.0000     3125449    -1774466
   25.0000     3111414     1872788
   26.0000     2985081    -1803122
   27.0000     2779057     1683836
   28.0000     2772696    -1654500
   29.0000     2811111     1677502
   30.0000     2659198    -1600410
   31.0000     2554315     1579506
   32.0000     2395268    -1502350
   33.0000     2101283     1305255
   34.0000     1729282    -1102849
   35.0000     1424360      889569
   36.0000     1098187     -697774
   37.0000      808673      487636
   38.0000      683684     -454424
   39.0000      562716      303490
   40.0000      372649     -214191
   41.0000      298189      223948
   42.0000      289623     -161246
   43.0000      226929      135882
   44.0000      180385      -96121
   45.0000      242652      155092
   46.0000      169714      -84124
   47.0000       31610       17002
   48.0000       42039      -31834
   49.0000       76490       64996
   50.0000       20284       20279
   51.0000       48233      -22429
   52.0000       51751       12387
   53.0000       28811       -9258
   54.0000       37475      -14009
   55.0000       44103      -25581
   56.0000       68002       67048
   57.0000      124143      -95762
   58.0000       77841       19686
   59.0000       48128        9669
   60.0000       25625       17429
   61.0000       19227       19115
   62.0000       38437      -36453
   63.0000       21688      -15185
