%ndata   128
%ncols 3
%title 1D image
  -64.0000        2624           0
  -63.0000        1002         -58
  -62.0000        3630       -2966
  -61.0000        1279         230
  -60.0000        3429       -1458
  -59.0000        1533         582
  -58.0000        2374        2296
  -57.0000        4103        -188
  -56.0000        4554        -978
  -55.0000        1613        1570
  -54.0000        2266       -2166
  -53.0000        1118          78
  -52.0000         748        -720
  -51.0000        5843        1046
  -50.0000        2276       -2242
  -49.0000        3064       -3020
  -48.0000        3238         742
  -47.0000        2969       -2884
  -46.0000        1254       -1218
  -45.0000        1282         176
  -44.0000        2166        1586
  -43.0000         274          44
  -42.0000        4450        3618
  -41.0000        2934       -2402
  -40.0000         651         364
  -39.0000        3179       -3030
  -38.0000        3936       -1956
  -37.0000        4175       -3734
  -36.0000        1462       -1364
  -35.0000        4818       -3126
  -34.0000        1621        1568
  -33.0000        1621        -202
  -32.0000        3526        -926
  -31.0000        2051        -744
  -30.0000         859        -856
  -29.0000        2963       -2568
  -28.0000        4801        3478
  -27.0000        3452         506
  -26.0000         348         220
  -25.0000        1559        1406
  -24.0000        3742       -1328
  -23.0000        3352         980
  -22.0000        5817        -250
  -21.0000        3337       -2686
  -20.0000        2118       -1888
  -19.0000        1305        -812
  -18.0000        2755       -2398
  -17.0000        1143       -1110
  -16.0000        3138        1682
  -15.0000        3756        -382
  -14.0000        1737         424
  -13.0000        1903       -1546
  -12.0000        1651       -1644
  -11.0000        7150       -4186
  -10.0000        1155         444
   -9.0000        4199       -2438
   -8.0000        5657        -866
   -7.0000       17473       -8340
   -6.0000       19641        3558
   -5.0000      102335      -22736
   -4.0000      453656       91534
   -3.0000     1686771     -356830
   -2.0000     3343202      702744
   -1.0000     3603672     -693982
    0.0000     3100362      189056
    1.0000     1834640      186558
    2.0000     1280680     -219004
    3.0000      461444      106254
    4.0000      133067      -29082
    5.0000       37575        8424
    6.0000       31206        2474
    7.0000       13238        3292
    8.0000       15696        1986
    9.0000        5388        3378
   10.0000        9770        5100
   11.0000        1515       -1090
   12.0000        7431        -600
   13.0000        1625         658
   14.0000        5386         816
   15.0000        2253         974
   16.0000        2407       -1450
   17.0000        1196        1122
   18.0000        2445        -206
   19.0000        1618        -808
   20.0000        2679       -1796
   21.0000        2569        1314
   22.0000        1960          30
   23.0000        3682       -1032
   24.0000        1653        -700
   25.0000        3042         126
   26.0000        5365         984
   27.0000        1779         -58
   28.0000        3187        2950
   29.0000        6154       -2540
   30.0000        3093         212
   31.0000        4130         556
   32.0000        1598        -158
   33.0000        3038        1322
   34.0000        2265        1928
   35.0000        2368        2310
   36.0000        5067        3220
   37.0000        3643         150
   38.0000        1672        -660
   39.0000        6634        3326
   40.0000        3290        3260
   41.0000        1834        1482
   42.0000        2072        -718
   43.0000        3697        3136
   44.0000        3116        2982
   45.0000        5064        2552
   46.0000        3868       -1718
   47.0000        5537        4624
   48.0000        1770        1706
   49.0000        3183        -140
   50.0000        2114        1374
   51.0000        4041        3206
   52.0000        1916       -1348
   53.0000        2250        1758
   54.0000        2427       -2214
   55.0000        4910       -4562
   56.0000        7878       -7634
   57.0000        4747         876
   58.0000         944         944
   59.0000        4378          -2
   60.0000        3439       -3202
   61.0000        3525         742
   62.0000        2996        -670
   63.0000        2435         238
