%ndata   128
%ncols 3
%title 1D image
  -64.0000       12800           0
  -63.0000       25200       24063
  -62.0000       11749        8937
  -61.0000        7427        4472
  -60.0000        7232        6456
  -59.0000        8140       -2985
  -58.0000       18779         420
  -57.0000       10073       -5934
  -56.0000       36146        1490
  -55.0000       15843      -15308
  -54.0000       20556        6392
  -53.0000       16427       -6295
  -52.0000       12444       -2784
  -51.0000       19421        1790
  -50.0000      177741      -66385
  -49.0000      818804      343255
  -48.0000     1192818     -512801
  -47.0000     1269578      555668
  -46.0000     1370970     -611396
  -45.0000     1368819      603887
  -44.0000     1499289     -658163
  -43.0000     1551743      672171
  -42.0000     1590245     -702601
  -41.0000     1612456      705648
  -40.0000     1658182     -730822
  -39.0000     1681979      749555
  -38.0000     1673245     -730184
  -37.0000     1665150      732437
  -36.0000     1734327     -766928
  -35.0000     1818843      798492
  -34.0000     1927478     -844173
  -33.0000     1982645      880393
  -32.0000     2060405     -934693
  -31.0000     2106910      951584
  -30.0000     2316289    -1053259
  -29.0000     2390228     1131024
  -28.0000     2044810     -991555
  -27.0000     1572426      776436
  -26.0000     1072314     -537029
  -25.0000      561394      284282
  -24.0000      353667     -180128
  -23.0000      284871      141556
  -22.0000      229951     -103040
  -21.0000      200498      105334
  -20.0000      153235      -69031
  -19.0000      111474       44983
  -18.0000       73413      -34997
  -17.0000       57701        8321
  -16.0000       63803      -24814
  -15.0000       57826       27864
  -14.0000       55962      -26066
  -13.0000       69923       38328
  -12.0000       96307      -41963
  -11.0000      214957      113736
  -10.0000      343696     -165383
   -9.0000      137152       58111
   -8.0000       36234       -5294
   -7.0000        7453        1080
   -6.0000       31594       -4058
   -5.0000       24727        -237
   -4.0000       18888        7332
   -3.0000       11858        2946
   -2.0000        6588        1084
   -1.0000       15801       10693
    0.0000       29714        1024
    1.0000        8360        5631
    2.0000       53826      -26216
    3.0000      195299       90840
    4.0000      485356     -257648
    5.0000      699650      358939
    6.0000      752144     -393662
    7.0000      720555      372700
    8.0000      706244     -373014
    9.0000      720354      368979
   10.0000      740885     -375015
   11.0000      742773      382134
   12.0000      730212     -380947
   13.0000      742136      396638
   14.0000      786204     -425384
   15.0000      789297      429364
   16.0000      817676     -458388
   17.0000      826258      465213
   18.0000      773577     -432947
   19.0000      758875      432125
   20.0000      775286     -451359
   21.0000      758842      438294
   22.0000      678858     -414840
   23.0000      581299      350140
   24.0000      505521     -316444
   25.0000      449709      273546
   26.0000      357146     -197359
   27.0000      290192      160678
   28.0000      258240     -133379
   29.0000      224508      110408
   30.0000      202211      -99785
   31.0000      171029       75796
   32.0000      155348      -81189
   33.0000      117019       36037
   34.0000      119356      -51371
   35.0000       93771       28458
   36.0000       85115      -22058
   37.0000       88781       24041
   38.0000       69688      -15790
   39.0000       79833       14787
   40.0000       58027      -14994
   41.0000       56338       10560
   42.0000       61912      -21147
   43.0000       38988        7655
   44.0000       44990       -9891
   45.0000       53206       14619
   46.0000       35741       -9946
   47.0000       37545        4784
   48.0000       48885      -10439
   49.0000        2858        2533
   50.0000        4289        3819
   51.0000       15069       -5462
   52.0000         733         -50
   53.0000       18255       -7319
   54.0000       15590        3420
   55.0000        4076        1766
   56.0000       43662      -42470
   57.0000       17639       17168
   58.0000        4683       -4662
   59.0000       11760        8539
   60.0000        4439        4252
   61.0000       15948       13096
   62.0000       20257      -10817
   63.0000       12390       -7085
