%ndata   128
%ncols 3
%title 1D image
  -64.0000        2944           0
  -63.0000        6395        6348
  -62.0000        2919        2886
  -61.0000        4831       -2028
  -60.0000        8569        6052
  -59.0000        9510       -4474
  -58.0000        7464       -7088
  -57.0000        9635       -1364
  -56.0000        7582       -2942
  -55.0000        2373        1042
  -54.0000        4253        3526
  -53.0000        5977       -4164
  -52.0000        4904        2724
  -51.0000        3353        2144
  -50.0000        2444         -14
  -49.0000        4667       -1808
  -48.0000        4739       -3344
  -47.0000        3245        -972
  -46.0000        6826         624
  -45.0000        2643        -978
  -44.0000        1963         424
  -43.0000        2657        -726
  -42.0000         970        -754
  -41.0000        4212        -940
  -40.0000        6199        1114
  -39.0000         867        -724
  -38.0000        2928       -2620
  -37.0000        7257         528
  -36.0000       10073       -6304
  -35.0000        6332        1112
  -34.0000        7355        6784
  -33.0000       10393       -8572
  -32.0000        7512       -7512
  -31.0000        4020       -2818
  -30.0000        3751       -3322
  -29.0000        6194        6168
  -28.0000        1160         432
  -27.0000        4987       -2282
  -26.0000        3445       -2356
  -25.0000        5792       -3326
  -24.0000        5644        3454
  -23.0000        3025         360
  -22.0000       10562        5954
  -21.0000        7914       -7740
  -20.0000        5988        5578
  -19.0000        4665        4440
  -18.0000        2907        1490
  -17.0000        3397        3358
  -16.0000        1776        -636
  -15.0000        3560         630
  -14.0000        6234       -5770
  -13.0000        1422       -1164
  -12.0000        3023        1724
  -11.0000         811        -576
  -10.0000        9130       -3770
   -9.0000        3938        -890
   -8.0000       17602         914
   -7.0000       20626       -2366
   -6.0000       37832       -4866
   -5.0000      122497       -5062
   -4.0000      345199       11698
   -3.0000      572929      -22428
   -2.0000      605453       58214
   -1.0000      555311     -103626
    0.0000      337641      -81920
    1.0000     1104745      -61426
    2.0000     2665156       22674
    3.0000     3878269      150656
    4.0000     2845542     -232250
    5.0000     1361774      193478
    6.0000      582517     -103490
    7.0000      207372       46018
    8.0000       62263      -13746
    9.0000       35520        8706
   10.0000        1573        1538
   11.0000        5256       -2944
   12.0000        6451        4816
   13.0000        5948       -5476
   14.0000        1710       -1566
   15.0000        2741        2438
   16.0000       11759        7512
   17.0000        3228       -1798
   18.0000        1220        -502
   19.0000        6072        2640
   20.0000       10983       -1294
   21.0000        1249        1164
   22.0000        3630        1538
   23.0000        3921        3508
   24.0000        4426        -806
   25.0000       10320        1530
   26.0000        3909       -1680
   27.0000        1327       -1262
   28.0000       10745       -3992
   29.0000        1016        -616
   30.0000        3253       -2010
   31.0000        5541       -5074
   32.0000        1494         -88
   33.0000        5686       -5512
   34.0000        2942        -528
   35.0000        3044        2468
   36.0000        7423        5924
   37.0000        6647       -2400
   38.0000        6593       -2260
   39.0000        6774       -1068
   40.0000        3621        2594
   41.0000        6332       -5636
   42.0000        1607       -1550
   43.0000       13371       12246
   44.0000        8330        7660
   45.0000        5121       -1318
   46.0000        6750       -6704
   47.0000        4376       -2488
   48.0000        5987        4804
   49.0000        1372        -444
   50.0000       14053      -14042
   51.0000        1470       -1252
   52.0000        6451        4632
   53.0000        7064       -3400
   54.0000       11798       -4558
   55.0000        7508       -7262
   56.0000        5600       -1622
   57.0000        4032        3932
   58.0000        3604        1804
   59.0000        8874        8862
   60.0000       11464       11272
   61.0000        1089         232
   62.0000       10242        9234
   63.0000        9599       -8916
