0
2
0
0
0
0
0
0
0
0
0
0
0
0
0

0
35
0
0
0
0
0
0
0
0
0
0
0
0
0

0
296
337
706
254
0
0
0
0
0
0
0
0
0
0

0
0
343
1889
2684
0
0
0
0
0
0
0
0
0
0

0
0
1004
5799
12661
1085
981
0
0
0
0
0
0
0
0

0
0
452
5354
10791
5806
0
1081
846
0
0
0
0
0
0

0
0
184
6383
11840
9532
5813
2860
0
0
0
0
0
0
0

0
0
86
1434
10027
9900
6195
3624
2106
0
0
0
0
0
0

0
0
0
1084
3198
14338
7584
1545
0
0
0
0
0
0
0

0
0
0
0
4180
8084
11999
11407
4887
1845
0
0
0
0
0

0
0
0
0
998
13229
10124
11818
0
2548
6329
0
0
0
0

0
0
0
0
0
6591
18461
16028
3460
0
0
0
0
0
0

0
0
0
0
0
5470
12512
8220
2243
2202
0
0
0
0
0

0
0
0
0
0
855
6067
14435
2533
0
3368
0
4707
0
0

0
0
0
0
0
0
5928
17579
0
0
0
0
0
0
0

0
0
0
0
0
734
7070
10085
5916
0
6473
3808
0
4487
0

0
0
0
0
0
894
1364
8567
9116
7831
0
0
0
0
0

0
0
0
0
0
0
0
5216
6689
2889
0
0
0
0
0

0
0
0
0
0
0
0
3003
0
6336
3782
3220
0
0
0

0
0
0
0
0
0
0
2159
7690
7661
0
4254
0
0
0

0
0
0
0
0
0
0
0
2352
6867
0
0
0
0
0

0
0
0
0
0
0
0
1383
0
7735
0
0
0
0
0

0
0
0
0
0
0
0
0
0
3426
0
2923
0
0
0

0
0
0
0
0
0
0
0
0
0
4202
0
0
0
0

0
0
0
0
0
0
0
0
0
2755
3483
0
0
0
0

